
LM MSE:  0.34305559885848913 


RF MSE:  0.26036516800536047 

0   0.96706635
1   0.7909223
2   0.5904966
5   0.53274316
6   0.5095767
7   0.4721048
8   0.45001513
10   0.41225314
12   0.37704453
13   0.3635218
14   0.3527946
15   0.34226725
16   0.33374357
17   0.32663864
20   0.32143766
22   0.3170051
24   0.31256986
25   0.31102407
26   0.305351
28   0.3015757
34   0.29832906
37   0.29183766
43   0.28855455
44   0.28639603
54   0.28028226
58   0.27653039
61   0.26950362
70   0.26848045
72   0.265323
77   0.26050064
95   0.25925434
104   0.2545005
105   0.24703075
106   0.24492799
111   0.24165109
117   0.23852715
123   0.23605543
133   0.23214984
141   0.23037645
153   0.22562134
169   0.22221085
190   0.21309768
235   0.21140726
Test MSE:  0.2908793
