
LM Accuracy:  0.512 


RF Accuracy:  1.0 

0   0.8903246
1   0.350969
2   0.33426243
6   0.3319966
8   0.3188378
10   0.3138589
14   0.30371255
17   0.29496765
18   0.2888765
19   0.28065437
20   0.27776653
21   0.27272242
22   0.2688948
25   0.26295897
28   0.25577587
31   0.25040972
36   0.24741799
40   0.24231027
45   0.23742867
49   0.23182213
54   0.22940017
66   0.22799447
67   0.22024862
71   0.21222238
75   0.20584825
83   0.20338356
88   0.19904502
110   0.19539472
122   0.18712988
144   0.18574397
188   0.18373817
212   0.18136056
213   0.1772559
244   0.17271468
Test Accuracy:  1.0
