0   0.23272431
1   0.13910353
2   0.11271435
3   0.096551426
4   0.09049726
5   0.08741572
6   0.08216147
7   0.078784086
8   0.07560642
10   0.0717703
11   0.07071505
12   0.067122534
14   0.0627959
15   0.058499843
16   0.05747676
17   0.051789764
18   0.04923754
20   0.047863312
21   0.046227504
23   0.043874234
26   0.042084713
32   0.04018887
37   0.039047714
44   0.037188858
49   0.035876587
53   0.034146678
57   0.032983895
59   0.031840347
62   0.030050434
66   0.028496418
70   0.026909232
75   0.02551538
80   0.024290156
86   0.022886217
93   0.021799324
103   0.020485254
115   0.019439809
133   0.018163176
160   0.01711806
192   0.015850697
220   0.014830691
244   0.013783658
289   0.012743004
329   0.011699502
